Start: 2024-12-08 19:51:44.653637 | Run: 0:00:00.000019 | An error occurred: division by zero
Start: 2024-12-08 19:51:57.549081 | Run: 0:00:00.000023 | An error occurred: division by zero
